Chara
21
111
20 
46 
1e+008 
14 
1e+008 
4 
50000 
681 
50 
11
220
19
221
19
0
19
0
21
0
21
0
21
0
28
0
52
53
0 
0 
0 
0 
0 
56
0 
0
1 
0 
0 
0 
0 
0 
1
1 
1 
0 
0 
0 
5 
0 
0 
0 
0 
674 
0 
0 
0 
0 
1 
1 
1 
1 
4 
1 
0 
0 
0 
0 
0 
0 
0 
4 
0 
4
0 
-1 
0 
0 
0 
0 
1
1
1
1 
0 
2
0 
54 
0 
0 
1 
0 
1 
0 
0 
1
1 
0 
4 
0 
0 
0 
0 
0 
0 
15 
0 
0 
0 
1
0 
0 
0 
0 
1 
0 
0 
0 
2 
10 
0 
0 
0 
0 
0 
0 
0 
0 
0 
0 
1 
2 
0 
0 
0 
1 
0 
0 
0 
0 
0 
0 
0 
0 
0 
0 
0 
0 
0 
0 
0 
0 
0 
0 
0 
0 
0 
0 
0 
0 
0 
0 
0 
0 
0 
0 
0 
0 
0 
0 
0 
0 
0 
0 
0 
0 
0 
0 
0 
0 
0 
0 
0 
0 
0 
0 
0 
0 
0 
0 
0 
0 
0 
0 
0 
0 
0 
0 
0 
0 
0 
0 
0 
0 
0 
0 
0 
0 
0 
0 
0 
0 
0 
0 
0 
0 
0 
0 
0 
0 
0 
0 
0 
0 
0 
0 
0 
0 
205 
50 
21 
17 
24 
48 
0 
0 
0 
0 
0 
0 
0 
0 
0 
0 
0 
0 
0 
0 
0 
1 
1 
1 
1 
0 
0 
0 
0 
0 
0 
0 
0 
0 
0 
0 
0 
0 
0 
0 
0 
0 
0 
0 
0 
0 
0 
0 
0 
0 
0 
1
1
0 
1 
0 
0 
0 
0 
0 
1 
0 
0 
0 
0 
0 
0 
0 
0 
0 
1 
0 
0 
0 
0 
2 
0 
0 
0 
0 
0 
0 
0 
0 
0 
0 
0 
0 
0 
0 
1 
1 
0 
0 
0 
0 
0 
0 
0 
0 
1 
1 
10 
10 
10 
19 
19 
19 
19 
19 
999 
0 
0 
0 
0 
0 
0 
0 
0 
0 
0 
0 
0 
0 
0 
0 
0 
0 
0 
0 
0 
0 
0 
0 
0 
0 
0 
0 
0 
0 
0 
0 
0 
0 
0 
0 
0 
0 
0 
0 
1
0 
0 
20 
2 
0 
1 
9 
9 
0 
0 
0 
0 
0 
0 
0 
0 
1 
1 
99 
2 
1 
0 
0 
1 
1 
0 
0 
0 
0 
0 
0 
10 
0 
0 
0 
1 
0 
0 
0 
0 
0 
0 
0 
0 
0 
6 
1
4 
1 
1 
0 
1
0 
0 
0 
0 
0 
4 
0 
0 
0 
0 
0 
0 
0 
0 
1 
1 
0 
0 
0 
0 
0 
0 
1
0 
0 
0 
0 
0 
1 
1 
0 
0 
0 
0 
0 
0 
0 
20 
0 
0 
0 
0 
0 
0 
0 
0 
0 
17 
0 
1 
1 
1 
1 
2 
0 
0 
0 
0 
0 
0 
0 
0 
0 
0 
0 
0 
0 
0 
0 
0 
0 
0 
0 
0 
0 
0 
0 
0 
0 
0 
0 
0 
0 
0 
0 
0 
0 
0 
0 
0 
0
0 
0 
-1 
0 
0 
0 
0 
0 
0 
0 
0 
0 
0 
0 
0 
0 
0 
0 
999
1 
1 
1
218 
231
224904 
